106763
106762
106761
106760
105671
105670
105669
105454
105453
105423
105422
105421
105420
105419
105418
105417
105385
105253
105177
105176
105175
105128
105125
104942
104941
104940
104939
104938
104936
104810
104801
104800
104799
104663
104662
104661
104660
104659
104658
104620
104619
104617
104614
104613
104570
104468
104417
104388
104326
104277
104276
104275
104274
104273
104272
104271
104270
104269
104268
104267
104266
104201
104119
104117
104116
104115
104114
104113
104112
104111
104110
104109
104108
104107
104106
104105
104104
104103
104102
104267
104266
104201
104119
104117
104116
104115
104114
104113
104112
104111
104110
104109
104108
104107
104106
104105
104104
104103
104102
